[21.65, 27.594, 30.282, 32.228, 33.652, 34.814, 36.064, 36.918, 37.944, 38.51, 39.762, 40.57, 40.574, 41.338, 41.998, 42.504, 42.722, 43.526, 43.716, 44.324]
[19.03, 21.686, 22.548, 24.418, 25.692, 25.214, 26.556, 27.088, 28.434, 27.864, 28.612, 30.55, 30.034, 31.064, 31.52, 29.56, 31.9, 32.312, 32.546, 33.16]
[5.322, 6.01, 6.434, 6.876, 6.696, 6.974, 7.288, 7.392, 7.736, 7.822, 7.84, 8.302, 8.326, 8.272, 8.502, 8.534, 8.772, 8.562, 8.62, 8.954]
[3.942, 4.522, 5.022, 5.352, 5.172, 5.198, 5.756, 5.852, 5.44, 4.784, 5.53, 5.676, 6.466, 6.336, 6.07, 6.538, 6.46, 6.828, 6.716, 6.806]
[872.3170125484467, 849.7764301300049, 840.5873379707336, 833.6924505233765, 828.5343904495239, 823.6873947381973, 818.8853099346161, 815.938041806221, 811.7297983169556, 809.4382795095444, 804.8278427124023, 801.4561027288437, 801.861575126648, 798.7970333099365, 795.9434547424316, 794.1861859560013, 793.2907524108887, 790.4072922468185, 789.3708859682083, 787.4056761264801]
[879.3274841308594, 869.3989384174347, 865.0126097202301, 859.8615229129791, 856.4913647174835, 857.3146991729736, 852.5541505813599, 850.1298055648804, 846.7384326457977, 848.1549646854401, 845.5827414989471, 839.3209245204926, 841.2892096042633, 837.8584201335907, 835.5814893245697, 843.3166558742523, 834.7464859485626, 832.5708746910095, 831.3071942329407, 829.5633308887482]
[172.6999249458313, 170.1306233406067, 168.52222228050232, 166.924578666687, 167.4161217212677, 166.5412609577179, 165.18984055519104, 164.6632535457611, 163.57741963863373, 163.2893738746643, 163.19917953014374, 161.2877472639084, 161.14936554431915, 161.74657726287842, 160.62460660934448, 160.75015115737915, 159.52525866031647, 160.23465812206268, 159.89466869831085, 158.85851287841797]
[176.87114071846008, 175.13291001319885, 173.2449231147766, 172.36587834358215, 173.07444524765015, 172.6708700656891, 170.76362681388855, 170.59073281288147, 171.9625964164734, 174.06994128227234, 171.9807572364807, 171.08974504470825, 168.2818112373352, 168.95219731330872, 169.99370670318604, 168.13629364967346, 168.3354709148407, 167.14636421203613, 167.2240171432495, 167.38726353645325]
[23.13, 30.668, 36.746, 41.01, 43.478, 45.42, 47.238, 48.686, 50.022, 50.808, 51.772, 52.852, 53.474, 54.674, 55.418, 56.93, 57.644, 58.702, 59.16, 59.524]
[19.226, 28.986, 33.484, 36.462, 39.834, 43.128, 45.456, 47.128, 48.2, 49.438, 50.368, 51.57, 52.144, 52.87, 53.758, 54.342, 54.934, 55.872, 56.43, 57.156]
[5.658, 7.064, 7.632, 8.59, 7.91, 9.048, 9.362, 9.662, 9.586, 9.912, 10.326, 10.398, 10.768, 10.614, 11.152, 10.874, 11.182, 11.472, 11.552, 11.722]
[4.918, 6.16, 6.692, 7.766, 8.06, 8.852, 9.146, 9.656, 9.87, 10.25, 9.752, 10.316, 10.552, 10.21, 10.708, 10.92, 10.846, 10.912, 11.312, 11.272]
[867.9468975067139, 841.2443356513977, 820.6558710336685, 804.4184703826904, 794.189418554306, 786.6587888002396, 779.4691698551178, 773.4016237258911, 768.2200983762741, 764.6599081754684, 761.0153455734253, 756.482447385788, 754.3063672780991, 750.2039155960083, 747.1910192966461, 742.3280090093613, 739.2515963315964, 735.2252141237259, 733.1833473443985, 731.5138765573502]
[875.8692064285278, 847.6045672893524, 829.4720938205719, 818.3787701129913, 807.7190281152725, 795.4448654651642, 785.8035055398941, 779.1224274635315, 773.9921804666519, 769.25463950634, 765.7233148813248, 761.0650540590286, 759.0336546897888, 755.5873137712479, 752.2952497005463, 750.3611289262772, 748.0632383823395, 744.1006917953491, 742.2414531707764, 739.7264928817749]
[171.78275346755981, 167.22269344329834, 164.88157653808594, 161.17825496196747, 163.11966180801392, 158.76545441150665, 157.60475873947144, 156.37048292160034, 156.49897730350494, 155.40419673919678, 153.83260262012482, 153.61509561538696, 152.23612010478973, 152.76976227760315, 150.7860790491104, 151.82930874824524, 150.5593616962433, 149.42224895954132, 148.749410033226, 148.6191611289978]
[173.82135915756226, 169.55165481567383, 167.51328873634338, 163.94660711288452, 163.0819479227066, 159.81059396266937, 158.48881673812866, 156.35245013237, 155.7997534275055, 154.17262637615204, 155.80497097969055, 153.9997956752777, 152.99349308013916, 154.29363524913788, 151.93428134918213, 151.3430860042572, 151.58075058460236, 151.34232890605927, 149.8094652891159, 150.24869227409363]


Epoch 44:
[21.248, 28.54, 30.254, 32.118, 33.282, 34.134, 35.398, 35.244, 36.392, 36.604, 37.916, 38.464, 39.062, 39.702, 39.86, 40.642, 41.288, 42.086, 42.872, 43.34, 43.376, 44.712, 44.346, 44.878, 45.334, 45.766, 46.436, 46.638, 46.786, 47.198, 47.886, 48.252, 48.196, 48.382, 48.88, 49.31, 50.24, 50.362, 50.372, 50.566, 50.912, 51.212, 51.688, 51.626]
[10.632, 11.988, 10.284, 10.586, 10.088, 10.206, 11.866, 19.61, 20.75, 21.186, 20.586, 20.932, 20.132, 21.358, 21.442, 21.498, 21.054, 21.322, 20.086, 21.494, 20.574, 21.096, 21.74, 21.61, 21.804, 22.302, 22.338, 22.106, 21.778, 21.286, 21.938, 21.884, 21.802, 19.33, 21.9, 19.152, 21.272, 23.11, 22.414, 21.372, 21.332, 21.904, 20.148, 21.036]
[27.25, 31.03, 32.65, 32.43, 33.9, 34.54, 35.94, 37.53, 35.62, 38.21, 38.64, 39.1, 39.2, 39.08, 38.94, 40.96, 42.3, 41.91, 43.97, 43.69, 43.88, 43.3, 42.94, 43.39, 46.1, 45.67, 44.37, 46.26, 47.56, 47.69, 45.49, 48.78, 48.37, 49.7, 49.75, 50.2, 50.13, 49.66, 49.72, 50.91, 51.01, 51.04, 51.77, 50.05]
[10.77, 11.42, 10.55, 10.23, 10.0, 9.96, 17.44, 21.73, 21.6, 22.07, 21.6, 20.26, 21.71, 22.57, 20.19, 21.23, 20.63, 20.92, 19.33, 21.69, 22.09, 21.31, 22.74, 21.4, 22.86, 21.32, 21.23, 22.44, 22.82, 20.36, 22.67, 22.25, 18.38, 20.82, 16.72, 19.36, 23.51, 22.46, 21.37, 21.19, 20.42, 20.96, 19.29, 21.64]
[0.01746839033603668, 0.016949670515060425, 0.016810237011909486, 0.01667122790813446, 0.016587002968788147, 0.01650803976535797, 0.01642079553604126, 0.01643555092334747, 0.01635112970352173, 0.016334248127937316, 0.016241097424030303, 0.01619131937980652, 0.016143454322814943, 0.016091681113243102, 0.016081554856300355, 0.016021342175006868, 0.01597431390285492, 0.015911635770797728, 0.01586307448387146, 0.015823093667030334, 0.015815050077438355, 0.0157191743183136, 0.015742741651535035, 0.01570553327560425, 0.015668643095493318, 0.015622790539264679, 0.015579040858745575, 0.015567359929084777, 0.01555369924068451, 0.015520719463825225, 0.015471937267780305, 0.015442499086856841, 0.015435499551296234, 0.01542546891927719, 0.015385279512405396, 0.015362484786510467, 0.01528999875307083, 0.01528152370929718, 0.015277951476573945, 0.015266832976341247, 0.015242051892280579, 0.015214030673503876, 0.01518111149072647, 0.015178899743556976]
[0.018009561405181885, 0.017968137249946593, 0.018011187720298766, 0.018015874099731446, 0.018010870923995972, 0.018014765691757202, 0.01792089107513428, 0.017494570012092592, 0.017405421748161315, 0.01737023331642151, 0.017416512780189516, 0.017398066430091858, 0.017444694294929505, 0.017359512310028077, 0.017364940338134766, 0.01735220495700836, 0.017400332107543947, 0.017373308782577514, 0.017469434957504273, 0.017356480803489685, 0.017411836633682252, 0.01738773792743683, 0.017333927912712096, 0.017327466988563536, 0.017320541372299193, 0.017296965579986574, 0.017290102429389952, 0.017306232051849366, 0.017345562443733215, 0.017382686433792115, 0.01735276490211487, 0.01735171898365021, 0.01735664041519165, 0.017528671288490297, 0.017372092175483703, 0.01757726893424988, 0.017416363534927367, 0.017305586524009705, 0.017354240193367003, 0.017409903235435484, 0.017394579586982727, 0.017370223598480224, 0.01747992206096649, 0.01741225498199463]
[0.01722008192539215, 0.016944288754463195, 0.016839361834526063, 0.016826961731910707, 0.016706384706497192, 0.016674835777282716, 0.01657058017253876, 0.016455864715576172, 0.01658008164167404, 0.01638688050508499, 0.016345232796669006, 0.016308610963821413, 0.01631387767791748, 0.016311431610584258, 0.016311749255657197, 0.016148878788948058, 0.016056478321552277, 0.016098057472705842, 0.015970386958122255, 0.015984748136997223, 0.015946660304069517, 0.015991086649894716, 0.01601069952249527, 0.016007177758216858, 0.01579025024175644, 0.01578963841199875, 0.015906738114356996, 0.015772407031059265, 0.01566255238056183, 0.01565880011320114, 0.015835685348510743, 0.015572301268577575, 0.015588560223579406, 0.015514029669761658, 0.015462316739559173, 0.01547076017856598, 0.01545534280538559, 0.0154747349858284, 0.015504817438125611, 0.015391997706890106, 0.015400383102893829, 0.015399283039569854, 0.015340781497955322, 0.015449612748622894]
[0.018184907579421997, 0.018184556794166563, 0.018174897122383116, 0.018189076280593873, 0.018198591423034666, 0.018201539874076845, 0.017794640254974365, 0.017510696315765382, 0.017525318241119386, 0.01749457428455353, 0.017517921686172486, 0.017615896654129028, 0.017521782517433165, 0.017470228958129882, 0.017641822695732116, 0.01750862648487091, 0.01754239847660065, 0.017527567052841187, 0.017656815886497496, 0.01749920389652252, 0.01752790927886963, 0.01754686050415039, 0.01743761417865753, 0.017567479109764098, 0.017446097159385682, 0.017520884704589845, 0.01749755313396454, 0.017492651748657228, 0.017444861245155336, 0.017590755558013916, 0.017496129417419435, 0.017529648518562316, 0.017834203267097472, 0.017588163948059083, 0.017919568181037904, 0.017677176475524903, 0.01740222923755646, 0.01751910231113434, 0.01757833902835846, 0.017591829800605772, 0.017636040520668028, 0.017634361052513123, 0.01762687797546387, 0.01756074917316437]
[10.632, 11.988, 10.284, 10.586, 10.088, 10.206, 11.866, 19.61, 20.75, 21.186, 20.586, 20.932, 20.132, 21.358, 21.442, 21.498, 21.054, 21.322, 20.086, 21.494, 20.574, 21.096, 21.74, 21.61, 21.804, 22.302, 22.338, 22.106, 21.778, 21.286, 21.938, 21.884, 21.802, 19.33, 21.9, 19.152, 21.272, 23.11, 22.414, 21.372, 21.332, 21.904, 20.148, 21.036]
[0.018006027393341065, 0.01796543291568756, 0.018010480670928954, 0.018013963851928712, 0.018010548362731933, 0.018014463925361632, 0.017920222115516662, 0.017492716641426088, 0.017403261880874633, 0.017367607283592223, 0.017414761719703676, 0.017396033339500426, 0.017442793006896974, 0.01735764100074768, 0.017362359466552735, 0.017349802708625794, 0.017398452825546265, 0.01737128338813782, 0.017466771183013916, 0.017354355702400206, 0.0174093647480011, 0.017384010605812072, 0.017331179814338685, 0.01732484568595886, 0.01731760498046875, 0.017294088716506957, 0.017287005434036256, 0.01730329857826233, 0.017342691836357116, 0.017378855443000794, 0.017349228959083557, 0.01734822126865387, 0.01735347734928131, 0.017526083192825316, 0.01736880919933319, 0.017574581828117372, 0.017412638726234435, 0.017301499710083008, 0.017351213793754577, 0.017407520475387572, 0.017392691292762757, 0.017368140292167662, 0.01747669392108917, 0.017410196251869202]
[22.658, 32.958, 38.048, 42.702, 45.198, 46.932, 48.752, 50.15, 51.298, 52.458, 53.272, 53.826, 54.48, 55.1, 55.704, 56.07, 56.622, 57.234, 57.856, 58.238, 58.524, 59.858, 60.468, 61.054, 61.594, 62.19, 62.278, 62.71, 63.022, 63.312, 63.792, 63.882, 64.554, 64.532, 64.814, 65.286, 65.804, 66.002, 66.052, 66.438, 66.396, 66.986, 67.17, 67.308]
[17.082, 22.34, 23.946, 25.144, 25.774, 25.86, 26.438, 26.758, 27.564, 28.102, 28.28, 28.528, 29.898, 31.97, 32.584, 33.412, 33.758, 34.078, 35.008, 34.948, 35.014, 35.316, 35.75, 35.772, 36.418, 35.956, 36.37, 36.808, 36.328, 36.826, 37.204, 37.316, 37.238, 37.612, 37.51, 37.818, 38.358, 38.328, 38.234, 38.58, 38.196, 38.362, 39.038, 39.216]
[26.68, 34.98, 37.56, 43.57, 47.05, 47.92, 49.85, 50.03, 51.59, 52.55, 52.13, 53.65, 52.78, 54.11, 55.35, 55.22, 54.8, 55.83, 57.07, 58.47, 58.37, 57.88, 59.01, 60.2, 59.59, 61.22, 60.98, 62.42, 62.14, 63.15, 61.94, 63.69, 63.99, 63.12, 64.05, 63.7, 64.8, 65.08, 64.1, 64.92, 63.71, 66.11, 65.92, 65.62]
[19.01, 23.92, 25.22, 26.11, 25.18, 26.7, 26.6, 28.38, 27.78, 29.55, 28.97, 30.12, 32.33, 30.5, 33.84, 34.45, 34.46, 34.91, 34.37, 35.79, 36.38, 35.13, 34.34, 35.82, 36.32, 35.84, 35.84, 37.58, 36.86, 37.89, 37.19, 37.52, 37.53, 37.46, 38.62, 39.22, 37.58, 37.75, 39.12, 38.71, 38.54, 38.58, 39.43, 38.62]
[0.0173393656539917, 0.016686703352928163, 0.016276722407341005, 0.01596306301355362, 0.01574919620513916, 0.015609459044933318, 0.015480752828121185, 0.01536449021100998, 0.015270095963478088, 0.015173326439857483, 0.015112976849079132, 0.015058687155246735, 0.015003685994148254, 0.014965550236701965, 0.014917382402420043, 0.01488095892906189, 0.0148326322555542, 0.014787558197975158, 0.014744184036254883, 0.014708381912708282, 0.014682381484508514, 0.014603987455368042, 0.0145553062748909, 0.014510689027309417, 0.014469348633289338, 0.014416714587211608, 0.014400915024280548, 0.01437030779838562, 0.014346502511501312, 0.014318788871765136, 0.01429194571018219, 0.014271686289310455, 0.01423794429063797, 0.01422095596075058, 0.014205697722434997, 0.014170972225666045, 0.014131739337444306, 0.014112483968734742, 0.014108975241184235, 0.014077237417697907, 0.014073802506923675, 0.014034713988304139, 0.014026188225746155, 0.014008544378280639]
[0.01773336233139038, 0.017340627908706666, 0.01722224796295166, 0.017153197617530824, 0.01710967514514923, 0.017092968912124633, 0.017058119263648988, 0.017031993613243104, 0.016978628859519958, 0.016936784529685976, 0.01692398775577545, 0.016916232986450196, 0.01681879825115204, 0.016674742283821105, 0.01662023416519165, 0.01656772711277008, 0.016545604932308198, 0.016519093027114868, 0.016451985125541687, 0.01645278748989105, 0.016450043034553528, 0.016427004034519195, 0.01640168519973755, 0.01639516908168793, 0.01635309946537018, 0.016381814699172974, 0.016351720423698424, 0.016317479248046874, 0.016358716945648194, 0.016313062143325806, 0.01628855099439621, 0.016288072385787965, 0.016275451719760893, 0.016260010557174683, 0.016267132153511048, 0.01624026602268219, 0.01619760149717331, 0.01619782636642456, 0.01620241855621338, 0.01618463854789734, 0.016216902270317076, 0.016199805459976197, 0.01615226396560669, 0.01613562391281128]
[0.017297044610977173, 0.01669275276660919, 0.016518643736839294, 0.01606630359888077, 0.015792626285552978, 0.01572321066856384, 0.015564889204502106, 0.01553648396730423, 0.015412673473358155, 0.015337905418872833, 0.01535154447555542, 0.015243037939071655, 0.015294616258144378, 0.01518280748128891, 0.015094852900505065, 0.015087185525894165, 0.01513593692779541, 0.015039821207523346, 0.014944616281986237, 0.014851829063892364, 0.014822167241573333, 0.01490088106393814, 0.014806508767604828, 0.014711117208003997, 0.014774492108821868, 0.014621877229213714, 0.014651235449314117, 0.014549407708644867, 0.014540156185626983, 0.014503540289402008, 0.014603732597827912, 0.014454317653179168, 0.014417377614974976, 0.014471761572360992, 0.014392509484291077, 0.014434486746788025, 0.014361762022972107, 0.014331035220623017, 0.014384389436244965, 0.014318968534469605, 0.014413853645324708, 0.014254115009307861, 0.014249937415122985, 0.014266763925552367]
[0.017755099534988404, 0.017380171728134157, 0.017332106924057008, 0.017251162147521974, 0.01732906515598297, 0.01720972881317139, 0.017206731271743773, 0.01709708878993988, 0.017135710048675538, 0.017023391008377076, 0.017054131484031676, 0.01696481122970581, 0.016840357542037963, 0.016961291813850404, 0.016698694133758546, 0.016675646328926087, 0.016663348746299742, 0.01661377075910568, 0.016696337509155272, 0.01655782332420349, 0.016524462485313415, 0.016618024802207948, 0.016685481905937195, 0.01655703980922699, 0.016496353101730348, 0.01654949424266815, 0.016549848294258117, 0.01644207785129547, 0.016494789958000182, 0.016393121731281282, 0.016452053880691528, 0.016426548731327057, 0.016428098499774932, 0.016431590819358827, 0.016354758417606353, 0.016300603270530702, 0.01645339183807373, 0.016415064656734465, 0.01630638052225113, 0.01633546915054321, 0.01636062345504761, 0.01635098294019699, 0.016282186555862426, 0.016388338387012483]
[17.112, 22.39, 23.988, 25.166, 25.812, 25.892, 26.46, 26.782, 27.586, 28.13, 28.298, 28.554, 29.934, 31.998, 32.618, 33.456, 33.786, 34.108, 35.024, 34.988, 35.058, 35.354, 35.784, 35.814, 36.458, 35.98, 36.408, 36.84, 36.358, 36.838, 37.238, 37.352, 37.266, 37.644, 37.55, 37.852, 38.39, 38.366, 38.27, 38.622, 38.238, 38.38, 39.084, 39.258]
[0.01773336233139038, 0.017340627908706666, 0.01722224796295166, 0.017153197617530824, 0.01710967514514923, 0.017092968912124633, 0.017058119263648988, 0.017031993613243104, 0.016978628859519958, 0.016936784529685976, 0.01692398775577545, 0.016916232986450196, 0.01681879825115204, 0.016674742283821105, 0.01662023416519165, 0.01656772711277008, 0.016545604932308198, 0.016519093027114868, 0.016451985125541687, 0.01645278748989105, 0.016450043034553528, 0.016427004034519195, 0.01640168519973755, 0.01639516908168793, 0.01635309946537018, 0.016381814699172974, 0.016351720423698424, 0.016317479248046874, 0.016358716945648194, 0.016313062143325806, 0.01628855099439621, 0.016288072385787965, 0.016275451719760893, 0.016260010557174683, 0.016267132153511048, 0.01624026602268219, 0.01619760149717331, 0.01619782636642456, 0.01620241855621338, 0.01618463854789734, 0.016216902270317076, 0.016199805459976197, 0.01615226396560669, 0.01613562391281128]


Epoch 45:
[21.248, 28.54, 30.254, 32.118, 33.282, 34.134, 35.398, 35.244, 36.392, 36.604, 37.916, 38.464, 39.062, 39.702, 39.86, 40.642, 41.288, 42.086, 42.872, 43.34, 43.376, 44.712, 44.346, 44.878, 45.334, 45.766, 46.436, 46.638, 46.786, 47.198, 47.886, 48.252, 48.196, 48.382, 48.88, 49.31, 50.24, 50.362, 50.372, 50.566, 50.912, 51.212, 51.688, 51.626, 51.488]
[10.632, 11.988, 10.284, 10.586, 10.088, 10.206, 11.866, 19.61, 20.75, 21.186, 20.586, 20.932, 20.132, 21.358, 21.442, 21.498, 21.054, 21.322, 20.086, 21.494, 20.574, 21.096, 21.74, 21.61, 21.804, 22.302, 22.338, 22.106, 21.778, 21.286, 21.938, 21.884, 21.802, 19.33, 21.9, 19.152, 21.272, 23.11, 22.414, 21.372, 21.332, 21.904, 20.148, 21.036, 22.126]
[27.25, 31.03, 32.65, 32.43, 33.9, 34.54, 35.94, 37.53, 35.62, 38.21, 38.64, 39.1, 39.2, 39.08, 38.94, 40.96, 42.3, 41.91, 43.97, 43.69, 43.88, 43.3, 42.94, 43.39, 46.1, 45.67, 44.37, 46.26, 47.56, 47.69, 45.49, 48.78, 48.37, 49.7, 49.75, 50.2, 50.13, 49.66, 49.72, 50.91, 51.01, 51.04, 51.77, 50.05, 51.64]
[10.77, 11.42, 10.55, 10.23, 10.0, 9.96, 17.44, 21.73, 21.6, 22.07, 21.6, 20.26, 21.71, 22.57, 20.19, 21.23, 20.63, 20.92, 19.33, 21.69, 22.09, 21.31, 22.74, 21.4, 22.86, 21.32, 21.23, 22.44, 22.82, 20.36, 22.67, 22.25, 18.38, 20.82, 16.72, 19.36, 23.51, 22.46, 21.37, 21.19, 20.42, 20.96, 19.29, 21.64, 22.58]
[0.01746839033603668, 0.016949670515060425, 0.016810237011909486, 0.01667122790813446, 0.016587002968788147, 0.01650803976535797, 0.01642079553604126, 0.01643555092334747, 0.01635112970352173, 0.016334248127937316, 0.016241097424030303, 0.01619131937980652, 0.016143454322814943, 0.016091681113243102, 0.016081554856300355, 0.016021342175006868, 0.01597431390285492, 0.015911635770797728, 0.01586307448387146, 0.015823093667030334, 0.015815050077438355, 0.0157191743183136, 0.015742741651535035, 0.01570553327560425, 0.015668643095493318, 0.015622790539264679, 0.015579040858745575, 0.015567359929084777, 0.01555369924068451, 0.015520719463825225, 0.015471937267780305, 0.015442499086856841, 0.015435499551296234, 0.01542546891927719, 0.015385279512405396, 0.015362484786510467, 0.01528999875307083, 0.01528152370929718, 0.015277951476573945, 0.015266832976341247, 0.015242051892280579, 0.015214030673503876, 0.01518111149072647, 0.015178899743556976, 0.015187682719230652]
[0.018009561405181885, 0.017968137249946593, 0.018011187720298766, 0.018015874099731446, 0.018010870923995972, 0.018014765691757202, 0.01792089107513428, 0.017494570012092592, 0.017405421748161315, 0.01737023331642151, 0.017416512780189516, 0.017398066430091858, 0.017444694294929505, 0.017359512310028077, 0.017364940338134766, 0.01735220495700836, 0.017400332107543947, 0.017373308782577514, 0.017469434957504273, 0.017356480803489685, 0.017411836633682252, 0.01738773792743683, 0.017333927912712096, 0.017327466988563536, 0.017320541372299193, 0.017296965579986574, 0.017290102429389952, 0.017306232051849366, 0.017345562443733215, 0.017382686433792115, 0.01735276490211487, 0.01735171898365021, 0.01735664041519165, 0.017528671288490297, 0.017372092175483703, 0.01757726893424988, 0.017416363534927367, 0.017305586524009705, 0.017354240193367003, 0.017409903235435484, 0.017394579586982727, 0.017370223598480224, 0.01747992206096649, 0.01741225498199463, 0.017371925706863404]
[0.01722008192539215, 0.016944288754463195, 0.016839361834526063, 0.016826961731910707, 0.016706384706497192, 0.016674835777282716, 0.01657058017253876, 0.016455864715576172, 0.01658008164167404, 0.01638688050508499, 0.016345232796669006, 0.016308610963821413, 0.01631387767791748, 0.016311431610584258, 0.016311749255657197, 0.016148878788948058, 0.016056478321552277, 0.016098057472705842, 0.015970386958122255, 0.015984748136997223, 0.015946660304069517, 0.015991086649894716, 0.01601069952249527, 0.016007177758216858, 0.01579025024175644, 0.01578963841199875, 0.015906738114356996, 0.015772407031059265, 0.01566255238056183, 0.01565880011320114, 0.015835685348510743, 0.015572301268577575, 0.015588560223579406, 0.015514029669761658, 0.015462316739559173, 0.01547076017856598, 0.01545534280538559, 0.0154747349858284, 0.015504817438125611, 0.015391997706890106, 0.015400383102893829, 0.015399283039569854, 0.015340781497955322, 0.015449612748622894, 0.015357061898708344]
[0.018184907579421997, 0.018184556794166563, 0.018174897122383116, 0.018189076280593873, 0.018198591423034666, 0.018201539874076845, 0.017794640254974365, 0.017510696315765382, 0.017525318241119386, 0.01749457428455353, 0.017517921686172486, 0.017615896654129028, 0.017521782517433165, 0.017470228958129882, 0.017641822695732116, 0.01750862648487091, 0.01754239847660065, 0.017527567052841187, 0.017656815886497496, 0.01749920389652252, 0.01752790927886963, 0.01754686050415039, 0.01743761417865753, 0.017567479109764098, 0.017446097159385682, 0.017520884704589845, 0.01749755313396454, 0.017492651748657228, 0.017444861245155336, 0.017590755558013916, 0.017496129417419435, 0.017529648518562316, 0.017834203267097472, 0.017588163948059083, 0.017919568181037904, 0.017677176475524903, 0.01740222923755646, 0.01751910231113434, 0.01757833902835846, 0.017591829800605772, 0.017636040520668028, 0.017634361052513123, 0.01762687797546387, 0.01756074917316437, 0.01753728470802307]
[10.632, 11.988, 10.284, 10.586, 10.088, 10.206, 11.866, 19.61, 20.75, 21.186, 20.586, 20.932, 20.132, 21.358, 21.442, 21.498, 21.054, 21.322, 20.086, 21.494, 20.574, 21.096, 21.74, 21.61, 21.804, 22.302, 22.338, 22.106, 21.778, 21.286, 21.938, 21.884, 21.802, 19.33, 21.9, 19.152, 21.272, 23.11, 22.414, 21.372, 21.332, 21.904, 20.148, 21.036, 22.126]
[0.018006027393341065, 0.01796543291568756, 0.018010480670928954, 0.018013963851928712, 0.018010548362731933, 0.018014463925361632, 0.017920222115516662, 0.017492716641426088, 0.017403261880874633, 0.017367607283592223, 0.017414761719703676, 0.017396033339500426, 0.017442793006896974, 0.01735764100074768, 0.017362359466552735, 0.017349802708625794, 0.017398452825546265, 0.01737128338813782, 0.017466771183013916, 0.017354355702400206, 0.0174093647480011, 0.017384010605812072, 0.017331179814338685, 0.01732484568595886, 0.01731760498046875, 0.017294088716506957, 0.017287005434036256, 0.01730329857826233, 0.017342691836357116, 0.017378855443000794, 0.017349228959083557, 0.01734822126865387, 0.01735347734928131, 0.017526083192825316, 0.01736880919933319, 0.017574581828117372, 0.017412638726234435, 0.017301499710083008, 0.017351213793754577, 0.017407520475387572, 0.017392691292762757, 0.017368140292167662, 0.01747669392108917, 0.017410196251869202, 0.017369502000808716]
[22.658, 32.958, 38.048, 42.702, 45.198, 46.932, 48.752, 50.15, 51.298, 52.458, 53.272, 53.826, 54.48, 55.1, 55.704, 56.07, 56.622, 57.234, 57.856, 58.238, 58.524, 59.858, 60.468, 61.054, 61.594, 62.19, 62.278, 62.71, 63.022, 63.312, 63.792, 63.882, 64.554, 64.532, 64.814, 65.286, 65.804, 66.002, 66.052, 66.438, 66.396, 66.986, 67.17, 67.308, 67.716]
[17.082, 22.34, 23.946, 25.144, 25.774, 25.86, 26.438, 26.758, 27.564, 28.102, 28.28, 28.528, 29.898, 31.97, 32.584, 33.412, 33.758, 34.078, 35.008, 34.948, 35.014, 35.316, 35.75, 35.772, 36.418, 35.956, 36.37, 36.808, 36.328, 36.826, 37.204, 37.316, 37.238, 37.612, 37.51, 37.818, 38.358, 38.328, 38.234, 38.58, 38.196, 38.362, 39.038, 39.216, 39.188]
[26.68, 34.98, 37.56, 43.57, 47.05, 47.92, 49.85, 50.03, 51.59, 52.55, 52.13, 53.65, 52.78, 54.11, 55.35, 55.22, 54.8, 55.83, 57.07, 58.47, 58.37, 57.88, 59.01, 60.2, 59.59, 61.22, 60.98, 62.42, 62.14, 63.15, 61.94, 63.69, 63.99, 63.12, 64.05, 63.7, 64.8, 65.08, 64.1, 64.92, 63.71, 66.11, 65.92, 65.62, 65.87]
[19.01, 23.92, 25.22, 26.11, 25.18, 26.7, 26.6, 28.38, 27.78, 29.55, 28.97, 30.12, 32.33, 30.5, 33.84, 34.45, 34.46, 34.91, 34.37, 35.79, 36.38, 35.13, 34.34, 35.82, 36.32, 35.84, 35.84, 37.58, 36.86, 37.89, 37.19, 37.52, 37.53, 37.46, 38.62, 39.22, 37.58, 37.75, 39.12, 38.71, 38.54, 38.58, 39.43, 38.62, 39.45]
[0.0173393656539917, 0.016686703352928163, 0.016276722407341005, 0.01596306301355362, 0.01574919620513916, 0.015609459044933318, 0.015480752828121185, 0.01536449021100998, 0.015270095963478088, 0.015173326439857483, 0.015112976849079132, 0.015058687155246735, 0.015003685994148254, 0.014965550236701965, 0.014917382402420043, 0.01488095892906189, 0.0148326322555542, 0.014787558197975158, 0.014744184036254883, 0.014708381912708282, 0.014682381484508514, 0.014603987455368042, 0.0145553062748909, 0.014510689027309417, 0.014469348633289338, 0.014416714587211608, 0.014400915024280548, 0.01437030779838562, 0.014346502511501312, 0.014318788871765136, 0.01429194571018219, 0.014271686289310455, 0.01423794429063797, 0.01422095596075058, 0.014205697722434997, 0.014170972225666045, 0.014131739337444306, 0.014112483968734742, 0.014108975241184235, 0.014077237417697907, 0.014073802506923675, 0.014034713988304139, 0.014026188225746155, 0.014008544378280639, 0.013980129029750824]
[0.01773336233139038, 0.017340627908706666, 0.01722224796295166, 0.017153197617530824, 0.01710967514514923, 0.017092968912124633, 0.017058119263648988, 0.017031993613243104, 0.016978628859519958, 0.016936784529685976, 0.01692398775577545, 0.016916232986450196, 0.01681879825115204, 0.016674742283821105, 0.01662023416519165, 0.01656772711277008, 0.016545604932308198, 0.016519093027114868, 0.016451985125541687, 0.01645278748989105, 0.016450043034553528, 0.016427004034519195, 0.01640168519973755, 0.01639516908168793, 0.01635309946537018, 0.016381814699172974, 0.016351720423698424, 0.016317479248046874, 0.016358716945648194, 0.016313062143325806, 0.01628855099439621, 0.016288072385787965, 0.016275451719760893, 0.016260010557174683, 0.016267132153511048, 0.01624026602268219, 0.01619760149717331, 0.01619782636642456, 0.01620241855621338, 0.01618463854789734, 0.016216902270317076, 0.016199805459976197, 0.01615226396560669, 0.01613562391281128, 0.016142273378372193]
[0.017297044610977173, 0.01669275276660919, 0.016518643736839294, 0.01606630359888077, 0.015792626285552978, 0.01572321066856384, 0.015564889204502106, 0.01553648396730423, 0.015412673473358155, 0.015337905418872833, 0.01535154447555542, 0.015243037939071655, 0.015294616258144378, 0.01518280748128891, 0.015094852900505065, 0.015087185525894165, 0.01513593692779541, 0.015039821207523346, 0.014944616281986237, 0.014851829063892364, 0.014822167241573333, 0.01490088106393814, 0.014806508767604828, 0.014711117208003997, 0.014774492108821868, 0.014621877229213714, 0.014651235449314117, 0.014549407708644867, 0.014540156185626983, 0.014503540289402008, 0.014603732597827912, 0.014454317653179168, 0.014417377614974976, 0.014471761572360992, 0.014392509484291077, 0.014434486746788025, 0.014361762022972107, 0.014331035220623017, 0.014384389436244965, 0.014318968534469605, 0.014413853645324708, 0.014254115009307861, 0.014249937415122985, 0.014266763925552367, 0.014263109922409058]
[0.017755099534988404, 0.017380171728134157, 0.017332106924057008, 0.017251162147521974, 0.01732906515598297, 0.01720972881317139, 0.017206731271743773, 0.01709708878993988, 0.017135710048675538, 0.017023391008377076, 0.017054131484031676, 0.01696481122970581, 0.016840357542037963, 0.016961291813850404, 0.016698694133758546, 0.016675646328926087, 0.016663348746299742, 0.01661377075910568, 0.016696337509155272, 0.01655782332420349, 0.016524462485313415, 0.016618024802207948, 0.016685481905937195, 0.01655703980922699, 0.016496353101730348, 0.01654949424266815, 0.016549848294258117, 0.01644207785129547, 0.016494789958000182, 0.016393121731281282, 0.016452053880691528, 0.016426548731327057, 0.016428098499774932, 0.016431590819358827, 0.016354758417606353, 0.016300603270530702, 0.01645339183807373, 0.016415064656734465, 0.01630638052225113, 0.01633546915054321, 0.01636062345504761, 0.01635098294019699, 0.016282186555862426, 0.016388338387012483, 0.01629073466062546]
[17.112, 22.39, 23.988, 25.166, 25.812, 25.892, 26.46, 26.782, 27.586, 28.13, 28.298, 28.554, 29.934, 31.998, 32.618, 33.456, 33.786, 34.108, 35.024, 34.988, 35.058, 35.354, 35.784, 35.814, 36.458, 35.98, 36.408, 36.84, 36.358, 36.838, 37.238, 37.352, 37.266, 37.644, 37.55, 37.852, 38.39, 38.366, 38.27, 38.622, 38.238, 38.38, 39.084, 39.258, 39.206]
[0.01773336233139038, 0.017340627908706666, 0.01722224796295166, 0.017153197617530824, 0.01710967514514923, 0.017092968912124633, 0.017058119263648988, 0.017031993613243104, 0.016978628859519958, 0.016936784529685976, 0.01692398775577545, 0.016916232986450196, 0.01681879825115204, 0.016674742283821105, 0.01662023416519165, 0.01656772711277008, 0.016545604932308198, 0.016519093027114868, 0.016451985125541687, 0.01645278748989105, 0.016450043034553528, 0.016427004034519195, 0.01640168519973755, 0.01639516908168793, 0.01635309946537018, 0.016381814699172974, 0.016351720423698424, 0.016317479248046874, 0.016358716945648194, 0.016313062143325806, 0.01628855099439621, 0.016288072385787965, 0.016275451719760893, 0.016260010557174683, 0.016267132153511048, 0.01624026602268219, 0.01619760149717331, 0.01619782636642456, 0.01620241855621338, 0.01618463854789734, 0.016216902270317076, 0.016199805459976197, 0.01615226396560669, 0.01613562391281128, 0.016142273378372193]


Epochs 52:
[21.248, 28.54, 30.254, 32.118, 33.282, 34.134, 35.398, 35.244, 36.392, 36.604, 37.916, 38.464, 39.062, 39.702, 39.86, 40.642, 41.288, 42.086, 42.872, 43.34, 43.376, 44.712, 44.346, 44.878, 45.334, 45.766, 46.436, 46.638, 46.786, 47.198, 47.886, 48.252, 48.196, 48.382, 48.88, 49.31, 50.24, 50.362, 50.372, 50.566, 50.912, 51.212, 51.688, 51.626, 51.488, 52.052, 51.98, 52.458, 52.848, 53.124, 53.266, 53.552]
[10.632, 11.988, 10.284, 10.586, 10.088, 10.206, 11.866, 19.61, 20.75, 21.186, 20.586, 20.932, 20.132, 21.358, 21.442, 21.498, 21.054, 21.322, 20.086, 21.494, 20.574, 21.096, 21.74, 21.61, 21.804, 22.302, 22.338, 22.106, 21.778, 21.286, 21.938, 21.884, 21.802, 19.33, 21.9, 19.152, 21.272, 23.11, 22.414, 21.372, 21.332, 21.904, 20.148, 21.036, 22.126, 22.034, 21.78, 22.376, 22.208, 22.488, 23.1, 22.546]
[27.25, 31.03, 32.65, 32.43, 33.9, 34.54, 35.94, 37.53, 35.62, 38.21, 38.64, 39.1, 39.2, 39.08, 38.94, 40.96, 42.3, 41.91, 43.97, 43.69, 43.88, 43.3, 42.94, 43.39, 46.1, 45.67, 44.37, 46.26, 47.56, 47.69, 45.49, 48.78, 48.37, 49.7, 49.75, 50.2, 50.13, 49.66, 49.72, 50.91, 51.01, 51.04, 51.77, 50.05, 51.64, 52.33, 51.65, 51.87, 52.23, 54.22, 53.23, 53.98]
[10.77, 11.42, 10.55, 10.23, 10.0, 9.96, 17.44, 21.73, 21.6, 22.07, 21.6, 20.26, 21.71, 22.57, 20.19, 21.23, 20.63, 20.92, 19.33, 21.69, 22.09, 21.31, 22.74, 21.4, 22.86, 21.32, 21.23, 22.44, 22.82, 20.36, 22.67, 22.25, 18.38, 20.82, 16.72, 19.36, 23.51, 22.46, 21.37, 21.19, 20.42, 20.96, 19.29, 21.64, 22.58, 21.63, 22.14, 23.04, 23.16, 22.78, 23.12, 19.51]
[0.01746839033603668, 0.016949670515060425, 0.016810237011909486, 0.01667122790813446, 0.016587002968788147, 0.01650803976535797, 0.01642079553604126, 0.01643555092334747, 0.01635112970352173, 0.016334248127937316, 0.016241097424030303, 0.01619131937980652, 0.016143454322814943, 0.016091681113243102, 0.016081554856300355, 0.016021342175006868, 0.01597431390285492, 0.015911635770797728, 0.01586307448387146, 0.015823093667030334, 0.015815050077438355, 0.0157191743183136, 0.015742741651535035, 0.01570553327560425, 0.015668643095493318, 0.015622790539264679, 0.015579040858745575, 0.015567359929084777, 0.01555369924068451, 0.015520719463825225, 0.015471937267780305, 0.015442499086856841, 0.015435499551296234, 0.01542546891927719, 0.015385279512405396, 0.015362484786510467, 0.01528999875307083, 0.01528152370929718, 0.015277951476573945, 0.015266832976341247, 0.015242051892280579, 0.015214030673503876, 0.01518111149072647, 0.015178899743556976, 0.015187682719230652, 0.015146485533714294, 0.015157045781612396, 0.015125864148139954, 0.015084216561317443, 0.015059527883529662, 0.015057635960578918, 0.015035406973361969]
[0.018009561405181885, 0.017968137249946593, 0.018011187720298766, 0.018015874099731446, 0.018010870923995972, 0.018014765691757202, 0.01792089107513428, 0.017494570012092592, 0.017405421748161315, 0.01737023331642151, 0.017416512780189516, 0.017398066430091858, 0.017444694294929505, 0.017359512310028077, 0.017364940338134766, 0.01735220495700836, 0.017400332107543947, 0.017373308782577514, 0.017469434957504273, 0.017356480803489685, 0.017411836633682252, 0.01738773792743683, 0.017333927912712096, 0.017327466988563536, 0.017320541372299193, 0.017296965579986574, 0.017290102429389952, 0.017306232051849366, 0.017345562443733215, 0.017382686433792115, 0.01735276490211487, 0.01735171898365021, 0.01735664041519165, 0.017528671288490297, 0.017372092175483703, 0.01757726893424988, 0.017416363534927367, 0.017305586524009705, 0.017354240193367003, 0.017409903235435484, 0.017394579586982727, 0.017370223598480224, 0.01747992206096649, 0.01741225498199463, 0.017371925706863404, 0.017363232016563417, 0.017371632227897643, 0.017341836957931518, 0.017362261972427368, 0.01735410266876221, 0.017302963662147522, 0.017313001313209533]
[0.01722008192539215, 0.016944288754463195, 0.016839361834526063, 0.016826961731910707, 0.016706384706497192, 0.016674835777282716, 0.01657058017253876, 0.016455864715576172, 0.01658008164167404, 0.01638688050508499, 0.016345232796669006, 0.016308610963821413, 0.01631387767791748, 0.016311431610584258, 0.016311749255657197, 0.016148878788948058, 0.016056478321552277, 0.016098057472705842, 0.015970386958122255, 0.015984748136997223, 0.015946660304069517, 0.015991086649894716, 0.01601069952249527, 0.016007177758216858, 0.01579025024175644, 0.01578963841199875, 0.015906738114356996, 0.015772407031059265, 0.01566255238056183, 0.01565880011320114, 0.015835685348510743, 0.015572301268577575, 0.015588560223579406, 0.015514029669761658, 0.015462316739559173, 0.01547076017856598, 0.01545534280538559, 0.0154747349858284, 0.015504817438125611, 0.015391997706890106, 0.015400383102893829, 0.015399283039569854, 0.015340781497955322, 0.015449612748622894, 0.015357061898708344, 0.015274337780475617, 0.015323614025115968, 0.015311466205120087, 0.015313992118835449, 0.015127616810798645, 0.015227430689334869, 0.015154202675819397]
[0.018184907579421997, 0.018184556794166563, 0.018174897122383116, 0.018189076280593873, 0.018198591423034666, 0.018201539874076845, 0.017794640254974365, 0.017510696315765382, 0.017525318241119386, 0.01749457428455353, 0.017517921686172486, 0.017615896654129028, 0.017521782517433165, 0.017470228958129882, 0.017641822695732116, 0.01750862648487091, 0.01754239847660065, 0.017527567052841187, 0.017656815886497496, 0.01749920389652252, 0.01752790927886963, 0.01754686050415039, 0.01743761417865753, 0.017567479109764098, 0.017446097159385682, 0.017520884704589845, 0.01749755313396454, 0.017492651748657228, 0.017444861245155336, 0.017590755558013916, 0.017496129417419435, 0.017529648518562316, 0.017834203267097472, 0.017588163948059083, 0.017919568181037904, 0.017677176475524903, 0.01740222923755646, 0.01751910231113434, 0.01757833902835846, 0.017591829800605772, 0.017636040520668028, 0.017634361052513123, 0.01762687797546387, 0.01756074917316437, 0.01753728470802307, 0.017587130331993103, 0.017554377841949464, 0.017497441077232362, 0.017490515279769896, 0.017510518407821654, 0.01745768506526947, 0.017660909914970397]
[10.632, 11.988, 10.284, 10.586, 10.088, 10.206, 11.866, 19.61, 20.75, 21.186, 20.586, 20.932, 20.132, 21.358, 21.442, 21.498, 21.054, 21.322, 20.086, 21.494, 20.574, 21.096, 21.74, 21.61, 21.804, 22.302, 22.338, 22.106, 21.778, 21.286, 21.938, 21.884, 21.802, 19.33, 21.9, 19.152, 21.272, 23.11, 22.414, 21.372, 21.332, 21.904, 20.148, 21.036, 22.126, 22.034, 21.78, 22.376, 22.208, 22.488, 23.1, 22.546]
[0.018006027393341065, 0.01796543291568756, 0.018010480670928954, 0.018013963851928712, 0.018010548362731933, 0.018014463925361632, 0.017920222115516662, 0.017492716641426088, 0.017403261880874633, 0.017367607283592223, 0.017414761719703676, 0.017396033339500426, 0.017442793006896974, 0.01735764100074768, 0.017362359466552735, 0.017349802708625794, 0.017398452825546265, 0.01737128338813782, 0.017466771183013916, 0.017354355702400206, 0.0174093647480011, 0.017384010605812072, 0.017331179814338685, 0.01732484568595886, 0.01731760498046875, 0.017294088716506957, 0.017287005434036256, 0.01730329857826233, 0.017342691836357116, 0.017378855443000794, 0.017349228959083557, 0.01734822126865387, 0.01735347734928131, 0.017526083192825316, 0.01736880919933319, 0.017574581828117372, 0.017412638726234435, 0.017301499710083008, 0.017351213793754577, 0.017407520475387572, 0.017392691292762757, 0.017368140292167662, 0.01747669392108917, 0.017410196251869202, 0.017369502000808716, 0.017361063709259033, 0.017369785799980164, 0.017339980969429018, 0.017360233912467958, 0.017349913687705994, 0.017300630869865417, 0.017310694794654847]
[22.658, 32.958, 38.048, 42.702, 45.198, 46.932, 48.752, 50.15, 51.298, 52.458, 53.272, 53.826, 54.48, 55.1, 55.704, 56.07, 56.622, 57.234, 57.856, 58.238, 58.524, 59.858, 60.468, 61.054, 61.594, 62.19, 62.278, 62.71, 63.022, 63.312, 63.792, 63.882, 64.554, 64.532, 64.814, 65.286, 65.804, 66.002, 66.052, 66.438, 66.396, 66.986, 67.17, 67.308, 67.716, 67.666, 67.67, 68.172, 67.92, 68.458, 68.754, 68.908]
[17.082, 22.34, 23.946, 25.144, 25.774, 25.86, 26.438, 26.758, 27.564, 28.102, 28.28, 28.528, 29.898, 31.97, 32.584, 33.412, 33.758, 34.078, 35.008, 34.948, 35.014, 35.316, 35.75, 35.772, 36.418, 35.956, 36.37, 36.808, 36.328, 36.826, 37.204, 37.316, 37.238, 37.612, 37.51, 37.818, 38.358, 38.328, 38.234, 38.58, 38.196, 38.362, 39.038, 39.216, 39.188, 38.712, 39.318, 39.04, 39.308, 40.026, 39.916, 39.754]
[26.68, 34.98, 37.56, 43.57, 47.05, 47.92, 49.85, 50.03, 51.59, 52.55, 52.13, 53.65, 52.78, 54.11, 55.35, 55.22, 54.8, 55.83, 57.07, 58.47, 58.37, 57.88, 59.01, 60.2, 59.59, 61.22, 60.98, 62.42, 62.14, 63.15, 61.94, 63.69, 63.99, 63.12, 64.05, 63.7, 64.8, 65.08, 64.1, 64.92, 63.71, 66.11, 65.92, 65.62, 65.87, 66.04, 67.23, 67.5, 66.52, 67.06, 65.83, 67.37]
[19.01, 23.92, 25.22, 26.11, 25.18, 26.7, 26.6, 28.38, 27.78, 29.55, 28.97, 30.12, 32.33, 30.5, 33.84, 34.45, 34.46, 34.91, 34.37, 35.79, 36.38, 35.13, 34.34, 35.82, 36.32, 35.84, 35.84, 37.58, 36.86, 37.89, 37.19, 37.52, 37.53, 37.46, 38.62, 39.22, 37.58, 37.75, 39.12, 38.71, 38.54, 38.58, 39.43, 38.62, 39.45, 39.7, 38.36, 37.87, 40.18, 39.27, 40.25, 39.75]
[0.0173393656539917, 0.016686703352928163, 0.016276722407341005, 0.01596306301355362, 0.01574919620513916, 0.015609459044933318, 0.015480752828121185, 0.01536449021100998, 0.015270095963478088, 0.015173326439857483, 0.015112976849079132, 0.015058687155246735, 0.015003685994148254, 0.014965550236701965, 0.014917382402420043, 0.01488095892906189, 0.0148326322555542, 0.014787558197975158, 0.014744184036254883, 0.014708381912708282, 0.014682381484508514, 0.014603987455368042, 0.0145553062748909, 0.014510689027309417, 0.014469348633289338, 0.014416714587211608, 0.014400915024280548, 0.01437030779838562, 0.014346502511501312, 0.014318788871765136, 0.01429194571018219, 0.014271686289310455, 0.01423794429063797, 0.01422095596075058, 0.014205697722434997, 0.014170972225666045, 0.014131739337444306, 0.014112483968734742, 0.014108975241184235, 0.014077237417697907, 0.014073802506923675, 0.014034713988304139, 0.014026188225746155, 0.014008544378280639, 0.013980129029750824, 0.013978449273109437, 0.013972579028606415, 0.013940703592300416, 0.01395154842376709, 0.013917986698150635, 0.013893287799358368, 0.013884794616699218]
[0.01773336233139038, 0.017340627908706666, 0.01722224796295166, 0.017153197617530824, 0.01710967514514923, 0.017092968912124633, 0.017058119263648988, 0.017031993613243104, 0.016978628859519958, 0.016936784529685976, 0.01692398775577545, 0.016916232986450196, 0.01681879825115204, 0.016674742283821105, 0.01662023416519165, 0.01656772711277008, 0.016545604932308198, 0.016519093027114868, 0.016451985125541687, 0.01645278748989105, 0.016450043034553528, 0.016427004034519195, 0.01640168519973755, 0.01639516908168793, 0.01635309946537018, 0.016381814699172974, 0.016351720423698424, 0.016317479248046874, 0.016358716945648194, 0.016313062143325806, 0.01628855099439621, 0.016288072385787965, 0.016275451719760893, 0.016260010557174683, 0.016267132153511048, 0.01624026602268219, 0.01619760149717331, 0.01619782636642456, 0.01620241855621338, 0.01618463854789734, 0.016216902270317076, 0.016199805459976197, 0.01615226396560669, 0.01613562391281128, 0.016142273378372193, 0.01617708774805069, 0.016132176003456115, 0.01615639704942703, 0.016134755804538728, 0.016079103407859802, 0.01608724437713623, 0.016105049045085907]
[0.017297044610977173, 0.01669275276660919, 0.016518643736839294, 0.01606630359888077, 0.015792626285552978, 0.01572321066856384, 0.015564889204502106, 0.01553648396730423, 0.015412673473358155, 0.015337905418872833, 0.01535154447555542, 0.015243037939071655, 0.015294616258144378, 0.01518280748128891, 0.015094852900505065, 0.015087185525894165, 0.01513593692779541, 0.015039821207523346, 0.014944616281986237, 0.014851829063892364, 0.014822167241573333, 0.01490088106393814, 0.014806508767604828, 0.014711117208003997, 0.014774492108821868, 0.014621877229213714, 0.014651235449314117, 0.014549407708644867, 0.014540156185626983, 0.014503540289402008, 0.014603732597827912, 0.014454317653179168, 0.014417377614974976, 0.014471761572360992, 0.014392509484291077, 0.014434486746788025, 0.014361762022972107, 0.014331035220623017, 0.014384389436244965, 0.014318968534469605, 0.014413853645324708, 0.014254115009307861, 0.014249937415122985, 0.014266763925552367, 0.014263109922409058, 0.014250099050998688, 0.014162369692325592, 0.014145337200164795, 0.014219285762310028, 0.014167530536651611, 0.014259008240699768, 0.014124389970302582]
[0.017755099534988404, 0.017380171728134157, 0.017332106924057008, 0.017251162147521974, 0.01732906515598297, 0.01720972881317139, 0.017206731271743773, 0.01709708878993988, 0.017135710048675538, 0.017023391008377076, 0.017054131484031676, 0.01696481122970581, 0.016840357542037963, 0.016961291813850404, 0.016698694133758546, 0.016675646328926087, 0.016663348746299742, 0.01661377075910568, 0.016696337509155272, 0.01655782332420349, 0.016524462485313415, 0.016618024802207948, 0.016685481905937195, 0.01655703980922699, 0.016496353101730348, 0.01654949424266815, 0.016549848294258117, 0.01644207785129547, 0.016494789958000182, 0.016393121731281282, 0.016452053880691528, 0.016426548731327057, 0.016428098499774932, 0.016431590819358827, 0.016354758417606353, 0.016300603270530702, 0.01645339183807373, 0.016415064656734465, 0.01630638052225113, 0.01633546915054321, 0.01636062345504761, 0.01635098294019699, 0.016282186555862426, 0.016388338387012483, 0.01629073466062546, 0.016267124736309053, 0.016379555308818818, 0.016420525789260863, 0.016229684686660768, 0.016312877452373503, 0.01624356677532196, 0.01626634565591812]
[17.112, 22.39, 23.988, 25.166, 25.812, 25.892, 26.46, 26.782, 27.586, 28.13, 28.298, 28.554, 29.934, 31.998, 32.618, 33.456, 33.786, 34.108, 35.024, 34.988, 35.058, 35.354, 35.784, 35.814, 36.458, 35.98, 36.408, 36.84, 36.358, 36.838, 37.238, 37.352, 37.266, 37.644, 37.55, 37.852, 38.39, 38.366, 38.27, 38.622, 38.238, 38.38, 39.084, 39.258, 39.206, 38.744, 39.376, 39.076, 39.352, 40.062, 39.954, 39.808]
[0.01773336233139038, 0.017340627908706666, 0.01722224796295166, 0.017153197617530824, 0.01710967514514923, 0.017092968912124633, 0.017058119263648988, 0.017031993613243104, 0.016978628859519958, 0.016936784529685976, 0.01692398775577545, 0.016916232986450196, 0.01681879825115204, 0.016674742283821105, 0.01662023416519165, 0.01656772711277008, 0.016545604932308198, 0.016519093027114868, 0.016451985125541687, 0.01645278748989105, 0.016450043034553528, 0.016427004034519195, 0.01640168519973755, 0.01639516908168793, 0.01635309946537018, 0.016381814699172974, 0.016351720423698424, 0.016317479248046874, 0.016358716945648194, 0.016313062143325806, 0.01628855099439621, 0.016288072385787965, 0.016275451719760893, 0.016260010557174683, 0.016267132153511048, 0.01624026602268219, 0.01619760149717331, 0.01619782636642456, 0.01620241855621338, 0.01618463854789734, 0.016216902270317076, 0.016199805459976197, 0.01615226396560669, 0.01613562391281128, 0.016142273378372193, 0.01617708774805069, 0.016132176003456115, 0.01615639704942703, 0.016134755804538728, 0.016079103407859802, 0.01608724437713623, 0.016105049045085907]